local Player = owner
local Char = Player.Character
local Hum = Char:WaitForChild("Humanoid")
local RootPart = Char:WaitForChild("HumanoidRootPart")
local Torso = Char:WaitForChild("Torso")
local Head = Char:WaitForChild("Head")
local RA = Char:WaitForChild("Right Arm")
local LA = Char:WaitForChild("Left Arm")
local RL = Char:WaitForChild("Right Leg")
local LL = Char:WaitForChild("Left Leg")
local RunningAnims = {}
local Animating = {}
local PauseAnims = {}

local function tick()
	return os.clock()
end

local function wait(Num)
	local CurrentTick = tick()
	repeat
		game:GetService("RunService").Stepped:Wait()
	until tick() >= CurrentTick + (Num or 0)
end

local function spawn(Func)
	coroutine.wrap(Func)()
end

function CreateWeld(PropertyTable)
	local Weld = Instance.new("Weld")
	Weld.Parent = PropertyTable.Parent
	Weld.Part0 = PropertyTable.Part0
	Weld.Part1 = PropertyTable.Part1
	Weld.C0 = PropertyTable.C0 or CFrame.new()
	return Weld
end

function SetTween(Instance,PropertyTable,Style,Direction,Time)
	Style = Enum.EasingStyle[Style]
	Direction = Enum.EasingDirection[Direction]
	local Info = TweenInfo.new(
		Time,
		Style,
		Direction,
		0,
		false,
		0
	)
	local TweenAnim = game:GetService("TweenService"):Create(Instance,Info,PropertyTable)
	TweenAnim:Play()
	return TweenAnim
end

-- Keyframe Order: Time Position, RJ, Neck, RS, LS, RH, LH

function PlayAnimation(AnimationTable,Priority,TweenTime,Looped,Speed,WaitUntilFinish,FunctionsAfterTime)
	local function Start()
		Priority = Priority or 1
		Speed = Speed or 1
		local Joints = {RJ,Neck,RS,LS,RH,LH,Grip} -- Don't change the first 6 elements. Any tool welds can be added afterward, like "Grip".
		local Id = tick().."/"..tostring(Looped).."|"..Priority
		table.insert(RunningAnims,Id)
		local PausedAnimIDs = {}
		local WaitForAnim
		local Delete = {}
		for v, Anim in pairs(RunningAnims) do
			if Anim ~= Id then
				for i = 2, #AnimationTable[1] do
					if AnimationTable[1][i] and table.find(Animating,tostring(Joints[i - 1].Part1)..Anim) and not table.find(PauseAnims,tostring(Joints[i - 1].Part1)..Anim) then
						if tonumber(string.sub(Anim,string.find(Anim,"|") + 1)) > Priority then
							table.insert(PauseAnims,tostring(Joints[i - 1].Part1)..Id)
							if string.sub(Anim,string.find(Anim,"/") + 1,string.find(Anim,"|") - 1) ~= "true" then
								WaitForAnim = Anim
							end
						elseif tonumber(string.sub(Anim,string.find(Anim,"|") + 1)) <= Priority then
							table.insert(PauseAnims,tostring(Joints[i - 1].Part1)..Anim)
							if not table.find(PausedAnimIDs,Anim) then
								table.insert(PausedAnimIDs,Anim)
							end
						end
					end
				end
				local AnimatingNum = 0
				local PausedNum = 0
				for _, Joint in pairs(Joints) do
					if table.find(Animating,tostring(Joint.Part1)..Anim) then
						AnimatingNum += 1
					end
					if table.find(PauseAnims,tostring(Joint.Part1)..Anim) then
						PausedNum += 1
					end
				end
				if table.find(RunningAnims,Anim) and (PausedNum == AnimatingNum or string.sub(Anim,string.find(Anim,"/") + 1,string.find(Anim,"|") - 1) == "true") then
					table.insert(Delete,Anim)
					if table.find(PausedAnimIDs,Anim) then
						table.remove(PausedAnimIDs,table.find(PausedAnimIDs,Anim))
					end
				end
			end
		end
		for _, Anim in pairs(Delete) do
			table.remove(RunningAnims,table.find(RunningAnims,Anim))
		end
		local Loops = 0
		local TablesCompleted = {}
		repeat
			local Tween
			local CurrentTimePos = AnimationTable[1][1]
			local TweenTime = TweenTime or .1
			for v, Keyframe in pairs(AnimationTable) do
				for i = 2, #Keyframe do
					if Keyframe[i] and table.find(RunningAnims,Id) then
						if not table.find(PauseAnims,tostring(Joints[i - 1].Part1)..Id) then
							if typeof(Keyframe[i]) == "CFrame" then
								if v == 1 then
									if Loops < 1 then
										Tween = SetTween(Joints[i - 1],{C0 = Keyframe[i]},"Linear","In",TweenTime)
									else
										Tween = SetTween(Joints[i - 1],{C0 = Keyframe[i]},"Linear","In",.05 / Speed)
									end
								else
									Tween = SetTween(Joints[i - 1],{C0 = Keyframe[i]},"Linear","In",(Keyframe[1] - CurrentTimePos) / Speed)
								end
							else
								Joints[i - 1].Part0 = Keyframe[i][1]
								if v == 1 then
									if Loops < 1 then
										SetTween(Joints[i - 1],{C0 = Keyframe[i][2]},"Linear","In",0)
									else
										Tween = SetTween(Joints[i - 1],{C0 = Keyframe[i][2]},"Linear","In",.05 / Speed)
									end
								else
									Tween = SetTween(Joints[i - 1],{C0 = Keyframe[i][2]},"Linear","In",(Keyframe[1] - CurrentTimePos) / Speed)
								end
							end
						end
						if not table.find(Animating,tostring(Joints[i - 1].Part1)..Id) then
							table.insert(Animating,tostring(Joints[i - 1].Part1)..Id)
						end
					end
				end
				while Tween and Tween.PlaybackState ~= Enum.PlaybackState.Completed do
					if WaitForAnim and not table.find(RunningAnims,WaitForAnim) then
						WaitForAnim = nil
						for _, Joint in pairs(Joints) do
							if table.find(PauseAnims,tostring(Joint.Part1)..Id) then
								table.remove(PauseAnims,table.find(PauseAnims,tostring(Joint.Part1)..Id))
							end
						end
					end
					local AnimatingNum = 0
					local PausedNum = 0
					for _, Joint in pairs(Joints) do
						if table.find(Animating,tostring(Joint.Part1)..Id) then
							AnimatingNum += 1
						end
						if table.find(PauseAnims,tostring(Joint.Part1)..Id) then
							PausedNum += 1
						end
					end
					if PausedNum == AnimatingNum and table.find(RunningAnims,Id) then
						table.remove(RunningAnims,table.find(RunningAnims,Id))
					end
					if not table.find(RunningAnims,Id) then
						break
					end
					wait()
				end
				if FunctionsAfterTime and #FunctionsAfterTime > 0 then
					for _, Table in pairs(FunctionsAfterTime) do
						if Keyframe[1] >= Table[1] and not table.find(TablesCompleted,Table) then
							spawn(Table[2])
							table.insert(TablesCompleted,Table)
						end
					end
				end
				for i = 2, #Keyframe do
					if Keyframe[i] and AnimationTable[v + 1] and AnimationTable[v + 1][i] == false and table.find(RunningAnims,Id) then
						local LaterKeyframe
						local LaterTimePos
						for _, Keyframe in pairs({table.unpack(AnimationTable,v + 2)}) do
							if Keyframe[i] then
								LaterKeyframe = Keyframe
								LaterTimePos = Keyframe[1]
								break
							end
						end
						if LaterTimePos then
							if not table.find(PauseAnims,tostring(Joints[i - 1].Part1)..Id) then
								if typeof(Keyframe[i]) == "CFrame" then
									SetTween(Joints[i - 1],{C0 = LaterKeyframe[i]},"Linear","In",(LaterTimePos - Keyframe[1]) / Speed)
								else
									Joints[i - 1].Part0 = Keyframe[i][1]
									SetTween(Joints[i - 1],{C0 = LaterKeyframe[i][2]},"Linear","In",(LaterTimePos - Keyframe[1]) / Speed)
								end
							end
							if not table.find(Animating,tostring(Joints[i - 1].Part1)..Id) then
								table.insert(Animating,tostring(Joints[i - 1].Part1)..Id)
							end
						end
					end
				end
				CurrentTimePos = Keyframe[1]
			end
			Loops += 1
			if not Tween then
				wait()
			end
		until not Looped or not table.find(RunningAnims,Id)
		for _, OtherId in pairs(PausedAnimIDs) do
			for _, Joint in pairs(Joints) do
				if table.find(Animating,tostring(Joint.Part1)..Id) and table.find(PauseAnims,tostring(Joint.Part1)..OtherId) then
					table.remove(PauseAnims,table.find(PauseAnims,tostring(Joint.Part1)..OtherId))
				end
			end
		end
		for _, Joint in pairs(Joints) do
			for i, Anim in pairs(Animating) do
				if Anim == tostring(Joint.Part1)..Id then
					table.remove(Animating,i)
				end
			end
			for i, Anim in pairs(PauseAnims) do
				if Anim == tostring(Joint.Part1)..Id then
					table.remove(PauseAnims,i)
				end
			end
		end
		if table.find(RunningAnims,Id) then
			table.remove(RunningAnims,table.find(RunningAnims,Id))
		end
	end
	if WaitUntilFinish then
		Start()
	else
		spawn(Start)
	end
end

local Handle = Instance.new("Part",Char)
Handle.CanCollide = false
Handle.Size = Vector3.new(0.122, 0.182, 1.397)
Handle.Color = Color3.fromRGB(40,40,40)

RJ = CreateWeld({Part0 = RootPart,Part1 = Torso,Parent = RootPart})
Neck = CreateWeld({Part0 = Torso,Part1 = Head,C0 = CFrame.new(0,1.5,0),Parent = RootPart})
RS = CreateWeld({Part0 = Torso,Part1 = RA,C0 = CFrame.new(1.5,0,0),Parent = RootPart})
LS = CreateWeld({Part0 = Torso,Part1 = LA,C0 = CFrame.new(-1.5,0,0),Parent = RootPart})
RH = CreateWeld({Part0 = Torso,Part1 = RL,C0 = CFrame.new(.5,-2,0),Parent = RootPart})
LH = CreateWeld({Part0 = Torso,Part1 = LL,C0 = CFrame.new(-.5,-2,0),Parent = RootPart})
Grip = CreateWeld({Part0 = Torso,Part1 = Handle,C0 = CFrame.new(-2.95,1.79,.55) * CFrame.Angles(math.pi / 2,1.1,math.pi / 2),Parent = RootPart})


Model0 = Instance.new("Model")
Part1 = Instance.new("Part")
Part2 = Instance.new("Part")
SpecialMesh3 = Instance.new("SpecialMesh")
Weld4 = Instance.new("Weld")
Sound5 = Instance.new("Sound")
Sound6 = Instance.new("Sound")
Sound7 = Instance.new("Sound")
Sound8 = Instance.new("Sound")
Model0.Name = "spoonful"
Model0.Parent = Char
Part1.Name = "weld"
Part1.Parent = Model0
Part1.CFrame = CFrame.new(44, 3, 3.59999108, 1, 1.11022302e-16, -7.10542736e-15, 1.11022302e-16, 1.00000012, 0, -7.10542736e-15, 0, 1.00000012)
Part1.Position = Vector3.new(44, 3, 3.5999910831451416)
Part1.Color = Color3.new(0.917647, 0.721569, 0.572549)
Part1.Transparency = 1
Part1.Size = Vector3.new(1, 2, 1)
Part1.BrickColor = BrickColor.new("Light orange")
Part1.CanCollide = false
Part1.brickColor = BrickColor.new("Light orange")
Part1.FormFactor = Enum.FormFactor.Symmetric
Part1.formFactor = Enum.FormFactor.Symmetric
Part2.Name = "Handle"
Part2.Parent = Model0
Part2.CFrame = CFrame.new(43.9999924, 2.42841244, 1.74622178, -1, 3.53224259e-08, 5.58788882e-09, -3.57561269e-08, -0.984807789, -0.173648357, -6.30677954e-10, -0.173648357, 0.984807789)
Part2.Orientation = Vector3.new(10, 0, -180)
Part2.Position = Vector3.new(43.99999237060547, 2.428412437438965, 1.7462217807769775)
Part2.Rotation = Vector3.new(10, 0, -180)
Part2.Color = Color3.new(0.494118, 0.490196, 0.498039)
Part2.Size = Vector3.new(1.1260000467300415, 0.4099999964237213, 5.754000186920166)
Part2.BottomSurface = Enum.SurfaceType.Smooth
Part2.BrickColor = BrickColor.new("Sand violet")
Part2.CanCollide = false
Part2.Material = Enum.Material.Metal
Part2.TopSurface = Enum.SurfaceType.Smooth
Part2.brickColor = BrickColor.new("Sand violet")
SpecialMesh3.Parent = Part2
SpecialMesh3.MeshId = "rbxassetid://431329906"
SpecialMesh3.Scale = Vector3.new(2.643192768096924, 3.7272725105285645, 3.103559970855713)
SpecialMesh3.MeshType = Enum.MeshType.FileMesh
Weld4.Name = "weld"
Weld4.Parent = Part2
Weld4.C0 = CFrame.new(-7.62939453e-06, -0.884807825, 1.72635102, -1, -3.57561269e-08, -6.30677954e-10, 3.53224259e-08, -0.984807789, -0.173648357, 5.58788882e-09, -0.173648357, 0.984807789)
Weld4.Part0 = Part2
Weld4.Part1 = Part1
Weld4.part1 = Part1
Sound5.Name = "Only A Spoonful"
Sound5.Parent = Part2
Sound5.SoundId = "rbxassetid://4941462217"
Sound6.Name = "Explosion1"
Sound6.Parent = Part2
Sound6.SoundId = "rbxassetid://6932900797"
Sound7.Name = "explosion2"
Sound7.Parent = Part2
Sound7.SoundId = "rbxassetid://4762236353"
Sound8.Name = "explosion3"
Sound8.Parent = Part2
Sound8.SoundId = "rbxassetid://4810729508"

Part1.CFrame = Char["Right Arm"].CFrame
local wld = Instance.new("Weld")
wld.Parent = Char["Right Arm"]
wld.Part0 = Char["Right Arm"]
wld.Part1 = Part1
wld.C0 = Char["Right Arm"].CFrame:ToObjectSpace(Part1.CFrame)

local idle = {
	{
		0.000001500011421740055,
		CFrame.new(0, -0.071574688, 0, 0.429805934, 0, 0.902921319, 0, 1, 0, -0.902921319, 0, 0.429805934),
		CFrame.new(-0.0236101151, 1.49789476, -0.0392875671, 0.68111074, -0.0472200662, -0.730656326, 0.0896369219, 0.995789409, 0.0192038678, 0.726672947, -0.0785737336, 0.682475448),
		CFrame.new(1.42089367, -0.13866663, -0.275672913, 0.371770084, -0.598897815, 0.709301233, 0.786061764, -0.203384534, -0.583730638, 0.493855834, 0.774568319, 0.39515841),
		CFrame.new(-0.907298088, 0.801611423, -1.16188431, 0.820560873, -0.570802391, -0.0294117182, -0.346966475, -0.456570745, -0.81924206, 0.454196781, 0.682442605, -0.572693229),
		CFrame.new(0.407519341, -1.93768001, -0.261623383, 0.867519677, 0.117127255, -0.483415902, 1.20922923e-05, 0.971874833, 0.235498056, 0.497403026, -0.204305023, 0.843119144),
		CFrame.new(-0.507800102, -1.94341612, -0.120658875, 0.975978494, -0.0458012223, 0.21299839, -6.97597861e-05, 0.977587163, 0.210531116, -0.217867061, -0.205488697, 0.954100847),
	},
	{
		0.033218299970030785,
		CFrame.new(0, -0.0715441704, 0, 0.429805934, 0, 0.902921319, 0, 1, 0, -0.902921319, 0, 0.429805934),
		CFrame.new(-0.0236101151, 1.49789476, -0.0392875671, 0.68111074, -0.0472200662, -0.730656326, 0.0896369219, 0.995789409, 0.0192038678, 0.726672947, -0.0785737336, 0.682475448),
		CFrame.new(1.42089367, -0.13866663, -0.275672913, 0.371770084, -0.598897815, 0.709301233, 0.786061764, -0.203384534, -0.583730638, 0.493855834, 0.774568319, 0.39515841),
		CFrame.new(-0.907298088, 0.801648378, -1.16188431, 0.820560873, -0.570802391, -0.0294117182, -0.346966475, -0.456570745, -0.81924206, 0.454196781, 0.682442605, -0.572693229),
		CFrame.new(0.407532692, -1.93769312, -0.26159668, 0.867519677, 0.117127255, -0.483415902, 1.20922923e-05, 0.971874833, 0.235498056, 0.497403026, -0.204305023, 0.843119144),
		CFrame.new(-0.507797241, -1.94344282, -0.12071991, 0.975978494, -0.0457919426, 0.213000402, -6.02677464e-05, 0.977605283, 0.21044679, -0.217867091, -0.205404356, 0.954119027),
	},
	{
		0.06717419996857643,
		CFrame.new(0, -0.0714600086, 0, 0.429805934, 0, 0.902921319, 0, 1, 0, -0.902921319, 0, 0.429805934),
		CFrame.new(-0.0236101151, 1.49789453, -0.0392875671, 0.68111074, -0.0472200662, -0.730656326, 0.0896369219, 0.995789409, 0.0192038678, 0.726672947, -0.0785737336, 0.682475448),
		CFrame.new(1.42091846, -0.13868165, -0.27563858, 0.37178123, -0.598937869, 0.709261537, 0.786031604, -0.203384504, -0.583771288, 0.49389562, 0.774537325, 0.395169616),
		CFrame.new(-0.907277107, 0.801776648, -1.16186142, 0.820560753, -0.57080394, -0.0293825269, -0.346989691, -0.456647515, -0.81918937, 0.454179049, 0.682389975, -0.572770059),
		CFrame.new(0.407578468, -1.93773282, -0.26158905, 0.867519677, 0.117110953, -0.483419895, -4.69386578e-06, 0.971889675, 0.235436842, 0.497403026, -0.204243809, 0.843133867),
		CFrame.new(-0.507764816, -1.94349265, -0.120704651, 0.975978494, -0.0457849614, 0.213001981, -5.31151891e-05, 0.977618933, 0.21038352, -0.217867121, -0.205341101, 0.954132676),
	},
	{
		0.10099209996405989,
		CFrame.new(0, -0.071308136, 0, 0.429805934, 0, 0.902921319, 0, 1, 0, -0.902921319, 0, 0.429805934),
		CFrame.new(-0.0236272812, 1.49789715, -0.0392494202, 0.68111074, -0.0472544804, -0.730654061, 0.0896026939, 0.995793998, 0.0191248283, 0.72667712, -0.0784946829, 0.682480156),
		CFrame.new(1.42088413, -0.138633013, -0.275585175, 0.371689409, -0.598963022, 0.709288716, 0.786033273, -0.203480124, -0.583735883, 0.493962437, 0.774492979, 0.39517355),
		CFrame.new(-0.907244682, 0.80195713, -1.16184235, 0.820560455, -0.570804954, -0.0293606818, -0.347007066, -0.456705034, -0.819149911, 0.454165757, 0.682350516, -0.572827518),
		CFrame.new(0.407757759, -1.93785453, -0.261604309, 0.867524922, 0.116984725, -0.483441055, 3.32854688e-05, 0.971934497, 0.235251799, 0.497393876, -0.204102904, 0.843173444),
		CFrame.new(-0.507718086, -1.94360566, -0.120788574, 0.975978494, -0.0457593687, 0.213007376, -2.69524753e-05, 0.977668822, 0.210151523, -0.217867061, -0.20510909, 0.954182565),
	},
	{
		0.13305890001356602,
		CFrame.new(0, -0.0710914135, 0, 0.429805934, 0, 0.902921319, 0, 1, 0, -0.902921319, 0, 0.429805934),
		CFrame.new(-0.0236663818, 1.49789405, -0.039264679, 0.681104362, -0.0473334566, -0.730654836, 0.0896816626, 0.995787501, 0.0190904178, 0.726673365, -0.0785289034, 0.682480097),
		CFrame.new(1.42088413, -0.138633013, -0.275585175, 0.371689409, -0.598963022, 0.709288716, 0.786033273, -0.203480124, -0.583735883, 0.493962437, 0.774492979, 0.39517355),
		CFrame.new(-0.907159805, 0.80219388, -1.16186142, 0.820538759, -0.570841312, -0.0292601138, -0.34698844, -0.456782162, -0.819114804, 0.454219133, 0.682268441, -0.572882891),
		CFrame.new(0.407970428, -1.93800664, -0.261669159, 0.867495656, 0.116869748, -0.483521104, 4.17605042e-05, 0.971992731, 0.235010952, 0.497444689, -0.203891218, 0.843194723),
		CFrame.new(-0.507651329, -1.94374847, -0.120838165, 0.975978494, -0.0457314812, 0.213013396, 1.58511102e-06, 0.977723181, 0.209898427, -0.217867061, -0.204856008, 0.954236925),
	},
	{
		0.15004410000983626,
		CFrame.new(0, -0.0709581375, 0, 0.429805934, 0, 0.902921319, 0, 1, 0, -0.902921319, 0, 0.429805934),
		CFrame.new(-0.023680687, 1.49789524, -0.0392379761, 0.681104362, -0.0473592691, -0.730653167, 0.0896559879, 0.995790958, 0.0190311261, 0.726676524, -0.0784696266, 0.682483554),
		CFrame.new(1.42088032, -0.138607979, -0.275512695, 0.371628761, -0.599011779, 0.70927906, 0.786011696, -0.203551769, -0.583739877, 0.494041979, 0.774436235, 0.395184517),
		CFrame.new(-0.90712738, 0.802335739, -1.16185379, 0.820538819, -0.57084173, -0.0292527974, -0.346994251, -0.456801355, -0.819101632, 0.454214752, 0.682255208, -0.572902083),
		CFrame.new(0.408072472, -1.93808162, -0.261665344, 0.867486, 0.116824135, -0.483549476, 3.71038914e-05, 0.972018719, 0.234903425, 0.497461587, -0.203793406, 0.843208313),
		CFrame.new(-0.507674217, -1.94387174, -0.120872498, 0.975980043, -0.0456488803, 0.213024229, -4.33623791e-05, 0.977760911, 0.209722728, -0.217860401, -0.204694435, 0.954273105),
	},
	{
		0.18318759999237955,
		CFrame.new(0, -0.0706467628, 0, 0.429805934, 0, 0.902921319, 0, 1, 0, -0.902921319, 0, 0.429805934),
		CFrame.new(-0.0236968994, 1.49789762, -0.0391960144, 0.681104183, -0.0473936908, -0.730651021, 0.0896217898, 0.995795488, 0.0189520866, 0.726680875, -0.0783905983, 0.682488084),
		CFrame.new(1.42087269, -0.1385746, -0.275421143, 0.371548206, -0.599076927, 0.709266543, 0.785983086, -0.203647345, -0.583745182, 0.494148612, 0.774360895, 0.395199686),
		CFrame.new(-0.907071114, 0.802708864, -1.16182327, 0.820538998, -0.570844412, -0.0292018652, -0.347034842, -0.456935227, -0.81900984, 0.454183757, 0.682163477, -0.573036015),
		CFrame.new(0.408350945, -1.93828964, -0.261699677, 0.867491245, 0.11665985, -0.483579934, 3.59602273e-05, 0.972097933, 0.23457551, 0.497452527, -0.203509569, 0.843282223),
		CFrame.new(-0.507598877, -1.94409537, -0.12097168, 0.97598052, -0.0455833673, 0.213036001, -1.950562e-05, 0.977847278, 0.209319651, -0.217858151, -0.204296067, 0.954358935),
	},
	{
		0.21649139997316524,
		CFrame.new(0, -0.0702722073, 0, 0.429805934, 0, 0.902921319, 0, 1, 0, -0.902921319, 0, 0.429805934),
		CFrame.new(-0.0237436295, 1.49789786, -0.0391731262, 0.681099415, -0.0474873185, -0.730649412, 0.0896467865, 0.99579525, 0.0188472345, 0.726682305, -0.0783372149, 0.682492614),
		CFrame.new(1.42084026, -0.138525963, -0.275367737, 0.371456265, -0.599101841, 0.709293664, 0.785984516, -0.203743085, -0.583709836, 0.49421531, 0.77431649, 0.395203173),
		CFrame.new(-0.906949043, 0.803148031, -1.16181183, 0.820517063, -0.570882201, -0.029072091, -0.347039491, -0.457089216, -0.818921864, 0.454219401, 0.682028651, -0.573168218),
		CFrame.new(0.408682823, -1.93852782, -0.26177597, 0.86749655, 0.11646831, -0.48361659, 6.81355596e-06, 0.972201586, 0.234145403, 0.497443289, -0.203123614, 0.84338069),
		CFrame.new(-0.507540703, -1.94437575, -0.12103653, 0.975981951, -0.0454728715, 0.213052735, -3.59416008e-05, 0.97793895, 0.208890796, -0.21785146, -0.203881308, 0.954449177),
	},
	{
		0.23326469998573884,
		CFrame.new(0, -0.0700063705, 0, 0.429805934, 0, 0.902921319, 0, 1, 0, -0.902921319, 0, 0.429805934),
		CFrame.new(-0.0237588882, 1.49789715, -0.0391654968, 0.681097746, -0.0475156605, -0.730649114, 0.0896579772, 0.995794773, 0.0188188739, 0.726682425, -0.0783260167, 0.682493806),
		CFrame.new(1.42086315, -0.138532639, -0.275310516, 0.371447206, -0.599158168, 0.709250808, 0.785947144, -0.203767002, -0.583751857, 0.49428165, 0.774266541, 0.395217985),
		CFrame.new(-0.90695858, 0.803454638, -1.16180801, 0.820563912, -0.570818782, -0.0289938152, -0.347003162, -0.45723182, -0.81885761, 0.454162389, 0.681986094, -0.573263884),
		CFrame.new(0.40894413, -1.93871021, -0.261825562, 0.867501676, 0.116309457, -0.483645439, 1.12690032e-05, 0.972275615, 0.233837843, 0.497434258, -0.202860191, 0.843449473),
		CFrame.new(-0.507491112, -1.94457412, -0.121181488, 0.975982428, -0.0454073586, 0.213064447, -1.20960176e-05, 0.97802496, 0.208487689, -0.21784924, -0.203482896, 0.954534709),
	},
	{
		0.26584040001034737,
		CFrame.new(0, -0.0695323944, 0, 0.429805934, 0, 0.902921319, 0, 1, 0, -0.902921319, 0, 0.429805934),
		CFrame.new(-0.0238161087, 1.49789619, -0.0391426086, 0.681091368, -0.0476290509, -0.730647743, 0.089702718, 0.995792925, 0.0187054202, 0.726682901, -0.0782811865, 0.682498455),
		CFrame.new(1.42078686, -0.138415813, -0.275150299, 0.371270716, -0.599185824, 0.709319711, 0.785895765, -0.204051957, -0.583721399, 0.49449563, 0.774170101, 0.395139039),
		CFrame.new(-0.906819344, 0.803976536, -1.16179657, 0.820542455, -0.57085669, -0.0288641453, -0.347007841, -0.457385361, -0.818769991, 0.454198241, 0.681851506, -0.573395789),
		CFrame.new(0.409392357, -1.9390378, -0.261802673, 0.867512226, 0.116035178, -0.483692527, 6.48982823e-05, 0.972384214, 0.233385965, 0.497416019, -0.202496544, 0.843547642),
		CFrame.new(-0.507427216, -1.94494331, -0.121303558, 0.975984395, -0.045256909, 0.21308744, -3.08193266e-05, 0.978152692, 0.207887694, -0.217840374, -0.202901721, 0.954660475),
	},
	{
		0.29943730001104996,
		CFrame.new(0, -0.0689949989, 0, 0.429805934, 0, 0.902921319, 0, 1, 0, -0.902921319, 0, 0.429805934),
		CFrame.new(-0.023850441, 1.49790096, -0.0390663147, 0.681091368, -0.0476978794, -0.730643213, 0.0896342695, 0.995801985, 0.0185473431, 0.726691246, -0.078123115, 0.682507515),
		CFrame.new(1.42077923, -0.138382435, -0.275062561, 0.371189862, -0.599250734, 0.709307075, 0.785866916, -0.204147622, -0.583726645, 0.494601965, 0.774094462, 0.39515385),
		CFrame.new(-0.906677246, 0.804621935, -1.16176605, 0.820520401, -0.570895851, -0.0287053734, -0.347035587, -0.457615376, -0.818629563, 0.454216242, 0.681664228, -0.573603988),
		CFrame.new(0.40982914, -1.93936181, -0.261917114, 0.867517471, 0.115800112, -0.483739555, -8.9481473e-06, 0.972526431, 0.232792467, 0.49740684, -0.201947182, 0.843684673),
		CFrame.new(-0.507331848, -1.94533181, -0.121379852, 0.975986421, -0.0451064743, 0.213110298, -4.95817512e-05, 0.978280008, 0.207287624, -0.217831537, -0.202320501, 0.954785764),
	},
	{
		0.3333278999780305,
		CFrame.new(0, -0.068475008, 0, 0.429805934, 0, 0.902921319, 0, 1, 0, -0.902921319, 0, 0.429805934),
		CFrame.new(-0.0239095688, 1.49790263, -0.0390052795, 0.68108654, -0.0478173271, -0.730639935, 0.0896336138, 0.995805144, 0.0183832049, 0.726695955, -0.0780104548, 0.682515502),
		CFrame.new(1.42076588, -0.138323784, -0.274902344, 0.371048301, -0.5993644, 0.709285021, 0.78581655, -0.204315126, -0.583735824, 0.49478817, 0.77396214, 0.395179689),
		CFrame.new(-0.906580925, 0.805182695, -1.1617775, 0.820550919, -0.570859194, -0.0285590738, -0.346979439, -0.457796454, -0.818552136, 0.454203844, 0.681573272, -0.573721886),
		CFrame.new(0.410306931, -1.93971109, -0.261978149, 0.867493451, 0.115531556, -0.483846784, 9.4845891e-06, 0.972652674, 0.232264251, 0.497448742, -0.201492295, 0.843768716),
		CFrame.new(-0.507236481, -1.94571877, -0.121551514, 0.975987852, -0.0449680425, 0.213132799, -3.74950469e-05, 0.978424311, 0.206605434, -0.217824966, -0.201652393, 0.954928637),
	},
	{
		0.36683989997254685,
		CFrame.new(0, -0.0677433014, 0, 0.429805934, 0, 0.902921319, 0, 1, 0, -0.902921319, 0, 0.429805934),
		CFrame.new(-0.0239801407, 1.49790144, -0.0389785767, 0.681078434, -0.047959052, -0.730638206, 0.0896895453, 0.995802641, 0.0182413906, 0.72669661, -0.0779544339, 0.682521105),
		CFrame.new(1.42071438, -0.138228416, -0.274745941, 0.370851457, -0.599457264, 0.709309697, 0.785792053, -0.204530433, -0.583693385, 0.494974703, 0.773833632, 0.395198315),
		CFrame.new(-0.906394958, 0.806069851, -1.16171646, 0.820523798, -0.570908904, -0.0283459425, -0.347025901, -0.458122432, -0.818350077, 0.454217494, 0.681312561, -0.574020624),
		CFrame.new(0.410967827, -1.94018841, -0.262073517, 0.867494106, 0.115151718, -0.483936191, -3.04728746e-06, 0.972839653, 0.231479973, 0.49744764, -0.200806051, 0.843932986),
		CFrame.new(-0.507113457, -1.94627035, -0.121814728, 0.97597152, -0.0447677895, 0.213249937, -4.85312194e-05, 0.978622377, 0.205665275, -0.217898354, -0.200733811, 0.955105424),
	},
	{
		0.4005429999670014,
		CFrame.new(0, -0.0670311451, 0, 0.429805934, 0, 0.902921319, 0, 1, 0, -0.902921319, 0, 0.429805934),
		CFrame.new(-0.0240154266, 1.49790597, -0.0389022827, 0.681078434, -0.0480278805, -0.730633736, 0.0896211043, 0.99581182, 0.0180833004, 0.726705074, -0.0777963474, 0.682530284),
		CFrame.new(1.42067242, -0.138131857, -0.274543762, 0.37068966, -0.599538028, 0.70932591, 0.785700083, -0.204815671, -0.583717227, 0.495241672, 0.773695469, 0.395133942),
		CFrame.new(-0.906256676, 0.806872129, -1.1617012, 0.82054913, -0.570882738, -0.0281452537, -0.346988291, -0.458399236, -0.818210959, 0.454200715, 0.681148291, -0.574228764),
		CFrame.new(0.411675453, -1.94068718, -0.262161255, 0.867509604, 0.114707515, -0.484013855, 4.39099967e-05, 0.973029852, 0.230679274, 0.497420549, -0.200137749, 0.844107747),
		CFrame.new(-0.506972313, -1.94678926, -0.12197113, 0.975973427, -0.0445893258, 0.213278383, -3.87169421e-05, 0.978801429, 0.204811677, -0.217889577, -0.199899018, 0.95528245),
	},
	{
		0.43317819997901097,
		CFrame.new(0, -0.0663599968, 0, 0.429805934, 0, 0.902921319, 0, 1, 0, -0.902921319, 0, 0.429805934),
		CFrame.new(-0.0240831375, 1.49790668, -0.0388450623, 0.681071937, -0.0481670797, -0.730630577, 0.0896401703, 0.995813131, 0.0179105587, 0.726708829, -0.0776922256, 0.682538152),
		CFrame.new(1.42065907, -0.138073444, -0.27438736, 0.370548248, -0.599651635, 0.709303975, 0.785649598, -0.204982966, -0.583726525, 0.495427787, 0.773563147, 0.39515996),
		CFrame.new(-0.906080246, 0.807666779, -1.16167831, 0.820527196, -0.570922554, -0.0279719532, -0.347027659, -0.458667159, -0.818044066, 0.454209983, 0.680934548, -0.574474812),
		CFrame.new(0.412240028, -1.94111037, -0.262199402, 0.867518544, 0.114394009, -0.48407191, 1.54338777e-05, 0.973188758, 0.230007842, 0.497404873, -0.199543521, 0.844257474),
		CFrame.new(-0.506854057, -1.94728708, -0.122215271, 0.975975394, -0.0444062576, 0.213307709, -2.42050737e-05, 0.978988409, 0.20391579, -0.217880905, -0.199021965, 0.955467582),
	},
	{
		0.45015629997942597,
		CFrame.new(0, -0.0658581257, 0, 0.429805934, 0, 0.902921319, 0, 1, 0, -0.902921319, 0, 0.429805934),
		CFrame.new(-0.024143219, 1.49790597, -0.0388145447, 0.68106544, -0.048289068, -0.730628729, 0.0896763876, 0.995812297, 0.0177773386, 0.726710498, -0.0776276588, 0.682543755),
		CFrame.new(1.42064762, -0.138031483, -0.274269104, 0.37044692, -0.599732816, 0.709288239, 0.785613537, -0.205102727, -0.583732963, 0.495560765, 0.773468554, 0.395178556),
		CFrame.new(-0.905991554, 0.808245897, -1.16165543, 0.820552349, -0.570895433, -0.0277858227, -0.346978545, -0.458905756, -0.817931175, 0.454202116, 0.680796504, -0.574644744),
		CFrame.new(0.412671089, -1.94142473, -0.262275696, 0.867524981, 0.114154465, -0.484116971, -2.08988786e-05, 0.973315835, 0.229469791, 0.497393608, -0.199060678, 0.844378173),
		CFrame.new(-0.506777763, -1.94766641, -0.122356415, 0.975977361, -0.0442510545, 0.213331118, -3.81935388e-05, 0.979122102, 0.203273103, -0.217872247, -0.198398098, 0.955599308),
	},
	{
		0.48350470000877976,
		CFrame.new(0, -0.0651144981, 0, 0.429805934, 0, 0.902921319, 0, 1, 0, -0.902921319, 0, 0.429805934),
		CFrame.new(-0.0242166519, 1.49790907, -0.0387268066, 0.681060553, -0.0484343171, -0.730623484, 0.0896500498, 0.995818675, 0.0175539199, 0.726718366, -0.0774557218, 0.68255496),
		CFrame.new(1.42063427, -0.13797307, -0.274112701, 0.37030521, -0.599846303, 0.709266186, 0.785562932, -0.205270216, -0.583742261, 0.495746881, 0.773336053, 0.395204365),
		CFrame.new(-0.905805588, 0.809114933, -1.16163254, 0.820536137, -0.570926547, -0.0276302844, -0.347028464, -0.459173769, -0.817759514, 0.454193532, 0.680589676, -0.574896455),
		CFrame.new(0.413378716, -1.94192815, -0.262363434, 0.867494881, 0.113745287, -0.484267116, 2.13310122e-05, 0.973498166, 0.228694737, 0.49744612, -0.198401898, 0.84450233),
		CFrame.new(-0.506632805, -1.94820452, -0.122531891, 0.975979269, -0.0440679267, 0.213360205, -2.36928463e-05, 0.979307711, 0.202376992, -0.217863634, -0.197520822, 0.95578301),
	},
	{
		0.5159862000145949,
		CFrame.new(0, -0.0641043186, 0, 0.429805934, 0, 0.902921319, 0, 1, 0, -0.902921319, 0, 0.429805934),
		CFrame.new(-0.0243110657, 1.49791074, -0.0386505127, 0.681120992, -0.0486227013, -0.730554581, 0.0896623731, 0.995821595, 0.0173175149, 0.726659954, -0.0772985891, 0.682634711),
		CFrame.new(1.42055225, -0.13781476, -0.273838043, 0.370027333, -0.599954605, 0.70931977, 0.785474956, -0.20567517, -0.5837183, 0.496093869, 0.773144543, 0.395143867),
		CFrame.new(-0.905569077, 0.810270071, -1.16161728, 0.820533752, -0.570945621, -0.0272969306, -0.346973509, -0.459564954, -0.817563117, 0.454239428, 0.680309653, -0.575191736),
		CFrame.new(0.414292336, -1.94258642, -0.262462616, 0.86751163, 0.113209456, -0.4843629, 1.63987279e-05, 0.973749459, 0.227622449, 0.497417122, -0.197473034, 0.844737053),
		CFrame.new(-0.506484985, -1.94897175, -0.122852325, 0.975983083, -0.0437528752, 0.213407502, -4.70150262e-05, 0.979581177, 0.201049, -0.217846423, -0.196230441, 0.956052661),
	},
	{
		0.53279259998817,
		CFrame.new(0, -0.063750267, 0, 0.429805934, 0, 0.902921319, 0, 1, 0, -0.902921319, 0, 0.429805934),
		CFrame.new(-0.0243253708, 1.49791241, -0.0386238098, 0.681120992, -0.0486485176, -0.730553031, 0.0896367356, 0.995825052, 0.0172582306, 0.726663351, -0.0772393271, 0.682638049),
		CFrame.new(1.42056942, -0.137804747, -0.273735046, 0.369977534, -0.600043237, 0.709270835, 0.785422921, -0.205747142, -0.583762884, 0.496213436, 0.773056507, 0.39516592),
		CFrame.new(-0.905485153, 0.810728312, -1.16157532, 0.820533991, -0.570948839, -0.0272312313, -0.347025782, -0.459737122, -0.817444146, 0.454199642, 0.680190682, -0.575363874),
		CFrame.new(0.41464901, -1.94284081, -0.262508392, 0.867519259, 0.11298725, -0.484401047, 3.99127603e-05, 0.973843038, 0.227221817, 0.4974038, -0.197138622, 0.844823062),
		CFrame.new(-0.506436348, -1.94923091, -0.122890472, 0.975984573, -0.0436469354, 0.213422641, -6.82361424e-05, 0.979660571, 0.200661823, -0.217840016, -0.195857391, 0.956130624),
	},
	{
		0.5498579000122845,
		CFrame.new(0, -0.0631496906, 0, 0.429805934, 0, 0.902921319, 0, 1, 0, -0.902921319, 0, 0.429805934),
		CFrame.new(-0.0244035721, 1.49791455, -0.0385513306, 0.681114554, -0.0488048978, -0.730548501, 0.0896386951, 0.995828509, 0.0170459673, 0.726669192, -0.0770956725, 0.682647943),
		CFrame.new(1.42052555, -0.137714386, -0.273571014, 0.369783998, -0.600148797, 0.70928216, 0.785387874, -0.205962598, -0.583733976, 0.496412873, 0.772917151, 0.395187914),
		CFrame.new(-0.905373573, 0.811411858, -1.16156387, 0.820558846, -0.570922017, -0.0270379037, -0.346982419, -0.459994584, -0.817317605, 0.454187363, 0.680038989, -0.575552642),
		CFrame.new(0.415179253, -1.94321656, -0.262638092, 0.867482662, 0.112708576, -0.484531522, 6.58258796e-06, 0.97399354, 0.226575866, 0.497467518, -0.196553826, 0.844921827),
		CFrame.new(-0.506277084, -1.94964933, -0.123126984, 0.97598505, -0.0435370952, 0.213442907, 7.56233931e-07, 0.979825139, 0.199856788, -0.2178379, -0.195057079, 0.956294656),
	},
	{
		0.566717499983497,
		CFrame.new(0, -0.0627777576, 0, 0.429805934, 0, 0.902921319, 0, 1, 0, -0.902921319, 0, 0.429805934),
		CFrame.new(-0.0244445801, 1.4979136, -0.0385322571, 0.681109667, -0.0488899387, -0.730547428, 0.0896722674, 0.99582696, 0.0169608723, 0.72666961, -0.077062048, 0.682651281),
		CFrame.new(1.42051983, -0.137689352, -0.273498535, 0.369723141, -0.600197434, 0.709272742, 0.785365999, -0.206034556, -0.58373791, 0.496492654, 0.772860289, 0.395198852),
		CFrame.new(-0.905268669, 0.811830521, -1.16156769, 0.820542812, -0.57095021, -0.0269407928, -0.346985906, -0.460108995, -0.817251801, 0.454214275, 0.679938138, -0.575650692),
		CFrame.new(0.415535927, -1.94347572, -0.262664795, 0.867490292, 0.112486362, -0.48456952, 3.01226974e-05, 0.974086642, 0.226175189, 0.497454286, -0.196219355, 0.8450073),
		CFrame.new(-0.506220818, -1.94992208, -0.123210907, 0.975986421, -0.0434241816, 0.213459432, -1.3358891e-05, 0.97991693, 0.199406207, -0.217831537, -0.194620624, 0.956385016),
	},
	{
		0.5996606000117026,
		CFrame.new(0, -0.0617549419, 0, 0.429805934, 0, 0.902921319, 0, 1, 0, -0.902921319, 0, 0.429805934),
		CFrame.new(-0.0245313644, 1.49791598, -0.0384407043, 0.68110317, -0.0490635149, -0.730541706, 0.0896570981, 0.995832562, 0.0167090949, 0.726677537, -0.0768788755, 0.68266356),
		CFrame.new(1.42044163, -0.137547016, -0.273258209, 0.369465292, -0.600301325, 0.709318995, 0.7852934, -0.20639208, -0.58370924, 0.496799231, 0.772683978, 0.395157874),
		CFrame.new(-0.905050278, 0.813051939, -1.1615181, 0.82055068, -0.570951402, -0.0266745538, -0.347000659, -0.460526377, -0.817010462, 0.454188883, 0.679654479, -0.576005638),
		CFrame.new(0.416470528, -1.94414151, -0.26279068, 0.867506623, 0.11193949, -0.484666735, 1.41039491e-05, 0.974344552, 0.225061521, 0.497425705, -0.1952492, 0.845248759),
		CFrame.new(-0.506064415, -1.95069051, -0.123500824, 0.97597146, -0.0431244858, 0.213588923, -5.25303185e-05, 0.980173528, 0.198140994, -0.21789898, -0.193391174, 0.956619024),
	},
	{
		0.6332909999764524,
		CFrame.new(0, -0.0606863499, 0, 0.429805934, 0, 0.902921319, 0, 1, 0, -0.902921319, 0, 0.429805934),
		CFrame.new(-0.0246248245, 1.49791932, -0.0383415222, 0.681096494, -0.0492457077, -0.730535746, 0.0896334276, 0.995839238, 0.0164375305, 0.726686597, -0.0766759664, 0.682676673),
		CFrame.new(1.42042065, -0.137452602, -0.27299118, 0.369245708, -0.600480258, 0.70928216, 0.785194635, -0.206679463, -0.583740473, 0.497118652, 0.772468269, 0.395178318),
		CFrame.new(-0.904770851, 0.814346552, -1.16146851, 0.820523918, -0.571003497, -0.0263715237, -0.347044647, -0.460977733, -0.816737056, 0.454203039, 0.67930454, -0.576407075),
		CFrame.new(0.417469025, -1.94485617, -0.262886047, 0.867525399, 0.111345693, -0.48476994, 3.39187682e-05, 0.974608362, 0.223916322, 0.497392833, -0.194269553, 0.845493793),
		CFrame.new(-0.505905151, -1.95148492, -0.123821259, 0.975975156, -0.0428045839, 0.213636205, -7.11157918e-05, 0.980449736, 0.196769893, -0.217882231, -0.192057699, 0.956891537),
	},
	{
		0.6673729000031017,
		CFrame.new(0, -0.0594317913, 0, 0.429805934, 0, 0.902921319, 0, 1, 0, -0.902921319, 0, 0.429805934),
		CFrame.new(-0.0247325897, 1.49792314, -0.0382232666, 0.681088448, -0.0494648479, -0.730528474, 0.0896123424, 0.995846272, 0.0161178522, 0.726696849, -0.0764420554, 0.682692051),
		CFrame.new(1.42038631, -0.137331009, -0.272686005, 0.368957907, -0.600693405, 0.709251583, 0.785102844, -0.207014725, -0.583745241, 0.497477353, 0.772212744, 0.3952263),
		CFrame.new(-0.904474258, 0.815798759, -1.16143417, 0.820521951, -0.571023822, -0.026001811, -0.347018778, -0.461463481, -0.816473842, 0.45422709, 0.678957641, -0.57679671),
		CFrame.new(0.418590546, -1.9456563, -0.2631073, 0.867498696, 0.110721298, -0.484960675, -1.83731318e-05, 0.974920988, 0.222551271, 0.497439533, -0.19305405, 0.845744848),
		CFrame.new(-0.505616188, -1.95236063, -0.124141693, 0.97597748, -0.0425300598, 0.213680401, -6.72228634e-06, 0.980756223, 0.195236355, -0.217871785, -0.190547705, 0.95719564),
	},
	{
		0.6994669999694452,
		CFrame.new(0, -0.0582697392, 0, 0.429805934, 0, 0.902921319, 0, 1, 0, -0.902921319, 0, 0.429805934),
		CFrame.new(-0.0248641968, 1.49792314, -0.0381393433, 0.681075335, -0.0497260205, -0.73052305, 0.0896676406, 0.995846272, 0.0158118904, 0.726702332, -0.0762733668, 0.682705045),
		CFrame.new(1.42029476, -0.137147903, -0.272342682, 0.368618399, -0.600849211, 0.709295988, 0.78499186, -0.20749189, -0.583724916, 0.497903824, 0.771963358, 0.39517647),
		CFrame.new(-0.904211998, 0.81719017, -1.16138458, 0.820524752, -0.571035385, -0.0256425589, -0.347009063, -0.461968362, -0.816192269, 0.454228669, 0.678604245, -0.577210963),
		CFrame.new(0.419668198, -1.94643021, -0.263198853, 0.867518604, 0.110084862, -0.48506999, -8.56816769e-08, 0.975201666, 0.221318245, 0.497404873, -0.191997662, 0.846005499),
		CFrame.new(-0.505430222, -1.95321631, -0.124546051, 0.975981176, -0.0421914719, 0.213730633, -6.38514757e-06, 0.981061697, 0.1936955, -0.21785529, -0.189044535, 0.957497478),
	},
	{
		0.7163895000121556,
		CFrame.new(0, -0.0576756001, 0, 0.429805934, 0, 0.902921319, 0, 1, 0, -0.902921319, 0, 0.429805934),
		CFrame.new(-0.0248804092, 1.49792504, -0.0381011963, 0.681075215, -0.0497604124, -0.730520725, 0.0896334127, 0.995850503, 0.015732836, 0.726706624, -0.0761943012, 0.682709336),
		CFrame.new(1.42028522, -0.137114525, -0.272254944, 0.368536979, -0.600913763, 0.709283471, 0.784962654, -0.207587779, -0.583730161, 0.49801001, 0.771887302, 0.395190954),
		CFrame.new(-0.90408802, 0.817899704, -1.16136551, 0.820549965, -0.571008623, -0.0254420787, -0.346971512, -0.462244093, -0.816052198, 0.454212368, 0.67843914, -0.57741797),
		CFrame.new(0.420248032, -1.94683206, -0.26335907, 0.867484331, 0.109753378, -0.485206336, -3.37138772e-06, 0.975359917, 0.220619723, 0.497464657, -0.191382527, 0.846109867),
		CFrame.new(-0.505322456, -1.95364118, -0.124641418, 0.975983024, -0.0420314558, 0.213753745, -1.57132745e-05, 0.98119688, 0.193009451, -0.21784699, -0.188377321, 0.957630873),
	},
	{
		0.7334311999729834,
		CFrame.new(0, -0.0570683479, 0, 0.429805934, 0, 0.902921319, 0, 1, 0, -0.902921319, 0, 0.429805934),
		CFrame.new(-0.0249528885, 1.49792624, -0.0380363464, 0.681068659, -0.0499081984, -0.730516672, 0.0896439403, 0.99585259, 0.0155403353, 0.726711392, -0.0760704353, 0.682717979),
		CFrame.new(1.42026615, -0.137047768, -0.272071838, 0.368374407, -0.601042807, 0.709258616, 0.784904122, -0.20777972, -0.583740532, 0.498222649, 0.771735132, 0.39522028),
		CFrame.new(-0.90392971, 0.818636894, -1.16133499, 0.820527971, -0.571047127, -0.0252832472, -0.346999407, -0.462472975, -0.815910637, 0.454230547, 0.67825079, -0.577624977),
		CFrame.new(0.42079258, -1.94722772, -0.263385773, 0.867494166, 0.109435081, -0.485260695, 5.77792525e-06, 0.975499153, 0.220003054, 0.497447491, -0.190854162, 0.846239209),
		CFrame.new(-0.50521946, -1.95408404, -0.12481308, 0.975984812, -0.04186216, 0.21377863, -1.55977905e-05, 0.981348157, 0.192238837, -0.217838794, -0.187625498, 0.957780242),
	},
	{
		0.766863500000909,
		CFrame.new(0, -0.0558276176, 0, 0.429805934, 0, 0.902921319, 0, 1, 0, -0.902921319, 0, 0.429805934),
		CFrame.new(-0.0250864029, 1.49792624, -0.0379524231, 0.68112421, -0.0501729362, -0.730446875, 0.0896985009, 0.995852351, 0.0152385905, 0.726652741, -0.0758993626, 0.682799578),
		CFrame.new(1.42017651, -0.136864662, -0.27173233, 0.368034571, -0.601198256, 0.709303379, 0.784792721, -0.208257139, -0.583720207, 0.498649091, 0.771485329, 0.395170242),
		CFrame.new(-0.903650284, 0.820120335, -1.16129303, 0.820530891, -0.571058393, -0.0249239951, -0.346989781, -0.46297735, -0.815628588, 0.454232395, 0.677896976, -0.578038752),
		CFrame.new(0.421927452, -1.94803202, -0.26348877, 0.867513776, 0.108776614, -0.485373676, 1.79558992e-06, 0.975794971, 0.218687594, 0.497413337, -0.189715385, 0.846515298),
		CFrame.new(-0.505002975, -1.95499039, -0.125270844, 0.975969613, -0.0415222868, 0.213914305, -1.41486526e-05, 0.981665313, 0.190612674, -0.217906907, -0.186035216, 0.958074987),
	},
	{
		0.7991267999750562,
